0 8000 1000 500 500
1 7723 119 545 1613
2 7474 258 607 1661
3 7185 327 673 1815
4 6882 428 749 1941
5 6571 599 802 2028
6 6256 765 860 2119
7 5932 954 917 2197
8 5606 1144 984 2266
9 5245 1341 1048 2366
10 4913 1534 1101 2452
11 4581 1709 1156 2554
12 4260 1893 1222 2625
13 3942 2087 1284 2687
14 3680 2260 1349 2711
15 3411 2418 1412 2759
16 3181 2579 1454 2786
17 2985 2718 1492 2805
18 2777 2867 1517 2839
19 2580 2995 1545 2880
20 2412 3114 1569 2905
21 2238 3236 1601 2925
22 2091 3320 1638 2951
23 1952 3391 1691 2966
24 1810 3427 1791 2972
25 1677 3277 2067 2979
26 1527 2293 3173 3007
27 1288 867 4761 3084
28 937 212 5556 3295
29 688 163 5682 3467
30 554 144 5709 3593
31 484 90 5737 3689
32 432 97 5690 3781
33 400 79 5678 3843
34 402 77 5613 3908
35 394 82 5568 3956
36 408 72 5509 4011
37 396 78 5425 4101
38 411 69 5349 4171
39 418 77 5288 4217
40 408 68 5231 4293
41 386 85 5169 4360
42 433 52 5130 4385
43 437 81 5055 4427
44 443 70 5017 4470
45 457 49 4983 4511
46 444 91 4906 4559
47 462 70 4897 4571
48 496 80 4855 4569
49 500 88 4833 4579
50 493 72 4819 4616
51 473 87 4780 4660
52 505 70 4766 4659
53 504 79 4727 4690
54 526 77 4732 4665
55 544 88 4699 4669
56 514 87 4680 4719
57 534 84 4650 4732
58 548 73 4644 4735
59 555 77 4637 4731
60 547 78 4605 4770
61 556 88 4608 4748
62 563 76 4615 4746
63 548 88 4603 4761
64 533 88 4586 4793
65 556 83 4564 4797
66 531 97 4558 4814
67 540 64 4579 4817
68 544 87 4531 4838
69 525 89 4555 4831
70 565 78 4552 4805
71 548 99 4530 4823
72 568 85 4528 4819
73 572 92 4505 4831
74 574 87 4515 4824
75 556 87 4521 4836
76 566 81 4519 4834
77 576 88 4518 4818
78 587 97 4516 4800
79 581 89 4530 4800
80 563 87 4514 4836
81 577 84 4512 4827
82 565 91 4506 4838
83 563 87 4509 4841
84 564 82 4524 4830
85 592 80 4520 4808
86 594 82 4492 4832
87 551 90 4478 4881
88 555 75 4466 4904
89 578 82 4430 4910
90 590 94 4412 4904
91 593 102 4412 4893
92 602 99 4416 4883
93 589 100 4412 4899
94 601 80 4397 4922
95 584 90 4403 4923
96 605 82 4394 4919
97 613 97 4377 4913
98 624 80 4373 4923
99 627 88 4383 4902
100 597 120 4371 4912
101 602 98 4394 4906
102 605 87 4400 4908
103 610 81 4415 4894
104 585 77 4419 4919
105 611 91 4408 4890
106 610 90 4408 4892
107 600 94 4423 4883
108 571 112 4433 4884
109 561 96 4449 4894
110 565 73 4464 4898
111 573 74 4447 4906
112 596 83 4433 4888
113 588 93 4423 4896
114 586 79 4427 4908
115 599 82 4411 4908
116 542 98 4394 4966
117 582 75 4362 4981
118 586 78 4331 5005
119 599 95 4295 5011
120 588 91 4296 5025
121 602 84 4301 5013
122 605 79 4293 5023
123 620 87 4265 5028
124 650 77 4267 5006
125 641 111 4250 4998
126 637 103 4284 4976
127 638 93 4294 4975
128 633 93 4315 4959
129 603 95 4324 4978
130 632 96 4336 4936
131 647 94 4353 4906
132 624 94 4349 4933
133 611 95 4338 4956
134 622 102 4332 4944
135 623 95 4350 4932
136 642 98 4361 4899
137 620 102 4364 4914
138 602 99 4398 4901
139 627 86 4405 4882
140 615 91 4412 4882
141 594 95 4423 4888
142 596 80 4425 4899
143 586 75 4414 4925
144 580 91 4403 4926
145 564 98 4398 4940
146 568 95 4415 4922
147 584 84 4420 4912
148 617 77 4362 4944
149 616 84 4331 4969
150 604 89 4354 4953
151 623 84 4343 4950
152 641 90 4360 4909
153 642 90 4345 4923
154 638 84 4359 4919
155 648 85 4359 4908
156 636 93 4366 4905
157 637 96 4391 4876
158 629 91 4407 4873
159 625 77 4436 4862
160 604 83 4434 4879
161 604 97 4428 4871
162 574 100 4410 4916
163 612 80 4414 4894
164 603 92 4420 4885
165 576 97 4430 4897
166 599 69 4431 4901
167 584 93 4392 4931
168 594 66 4363 4977
169 624 67 4337 4972
170 607 97 4331 4965
171 611 81 4326 4982
172 599 102 4319 4980
173 625 80 4327 4968
174 642 91 4308 4959
175 638 86 4321 4955
176 630 88 4341 4941
177 639 83 4335 4943
178 624 91 4354 4931
179 576 96 4374 4954
180 574 80 4386 4960
181 623 79 4365 4933
182 639 85 4376 4900
183 625 102 4373 4900
184 630 91 4375 4904
185 624 73 4385 4918
186 594 83 4389 4934
187 587 84 4385 4944
188 561 105 4371 4963
189 574 85 4379 4962
190 580 79 4370 4971
191 588 88 4367 4957
192 601 81 4373 4945
193 582 97 4357 4964
194 604 76 4379 4941
195 610 84 4381 4925
196 610 94 4361 4935
197 598 94 4373 4935
198 582 83 4394 4941
199 606 87 4387 4920
200 636 84 4392 4888
201 610 103 4400 4887
202 600 108 4433 4859
203 575 98 4464 4863
204 580 88 4458 4874
205 584 88 4448 4880
206 577 90 4436 4897
207 605 89 4404 4902
208 579 96 4408 4917
209 578 88 4410 4924
210 581 74 4434 4911
211 569 98 4430 4903
212 582 85 4421 4912
213 613 76 4416 4895
214 552 95 4430 4923
215 573 72 4434 4921
216 585 78 4411 4926
217 607 91 4388 4914
218 608 74 4404 4914
219 619 89 4382 4910
220 627 83 4406 4884
221 603 99 4370 4928
222 592 91 4384 4933
223 575 97 4396 4932
224 577 96 4414 4913
225 588 103 4397 4912
226 581 91 4384 4944
227 580 81 4372 4967
228 596 77 4368 4959
229 614 90 4338 4958
230 622 75 4328 4975
231 617 98 4301 4984
232 619 88 4312 4981
233 611 78 4325 4986
234 610 92 4328 4970
235 629 89 4324 4958
236 609 94 4313 4984
237 595 96 4336 4973
238 608 78 4340 4974
239 605 101 4323 4971
240 617 84 4343 4956
241 600 80 4318 5002
242 581 109 4312 4998
243 596 75 4327 5002
244 603 87 4323 4987
245 600 83 4329 4988
246 588 101 4333 4978
247 599 89 4339 4973
248 580 94 4358 4968
249 594 90 4361 4955
250 657 73 4386 4884
251 649 83 4378 4890
252 604 111 4374 4911
253 583 81 4387 4949
254 575 89 4374 4962
255 601 78 4384 4937
256 589 92 4375 4944
257 582 92 4381 4945
258 602 87 4385 4926
259 595 82 4375 4948
260 594 97 4364 4945
261 604 95 4358 4943
262 587 77 4370 4966
263 543 103 4341 5013
264 539 73 4347 5041
265 572 89 4325 5014
266 591 84 4327 4998
267 609 89 4323 4979
268 610 76 4309 5005
269 647 91 4300 4962
270 662 87 4296 4955
271 629 97 4301 4973
272 627 97 4318 4958
273 638 67 4334 4961
274 640 90 4326 4944
275 646 104 4350 4900
276 614 98 4345 4943
277 616 84 4357 4943
278 626 97 4345 4932
279 606 90 4370 4934
280 617 93 4367 4923
281 612 105 4385 4898
282 619 92 4392 4897
283 639 91 4392 4878
284 625 94 4399 4882
285 641 86 4373 4900
286 641 83 4375 4901
287 634 92 4366 4908
288 610 93 4371 4926
289 616 78 4396 4910
290 620 75 4361 4944
291 633 80 4349 4938
292 600 104 4352 4944
293 548 86 4373 4993
294 557 91 4362 4990
295 562 81 4343 5014
296 581 85 4344 4990
297 630 72 4338 4960
298 626 95 4321 4958
299 622 77 4326 4975
300 593 82 4323 5002
301 610 80 4324 4986
302 626 90 4320 4964
303 624 93 4325 4958
304 625 91 4333 4951
305 604 106 4348 4942
306 576 88 4391 4945
307 582 92 4377 4949
308 581 87 4367 4965
309 593 86 4354 4967
310 581 106 4335 4978
311 613 79 4358 4950
312 587 98 4352 4963
313 589 91 4360 4960
314 569 76 4366 4989
315 589 91 4380 4940
316 607 74 4371 4948
317 617 85 4329 4969
318 607 80 4326 4987
319 584 90 4328 4998
320 581 98 4313 5008
321 612 76 4298 5014
322 614 83 4289 5014
323 601 96 4306 4997
324 636 81 4319 4964
325 635 89 4322 4954
326 620 80 4331 4969
327 619 91 4340 4950
328 608 96 4330 4966
329 609 86 4341 4964
330 619 86 4315 4980
331 626 91 4328 4955
332 590 107 4351 4952
333 585 86 4367 4962
334 593 78 4386 4943
335 584 89 4365 4962
336 575 84 4376 4965
337 575 82 4365 4978
338 563 78 4368 4991
339 585 77 4367 4971
340 612 73 4321 4994
341 616 79 4312 4993
342 619 95 4308 4978
343 585 104 4298 5013
344 601 80 4303 5016
345 612 71 4282 5035
346 620 78 4274 5028
347 651 69 4262 5018
348 624 90 4234 5052
349 633 90 4224 5053
350 637 100 4217 5046
351 640 81 4207 5072
352 639 89 4215 5057
353 662 100 4209 5029
354 654 82 4236 5028
355 663 97 4222 5018
356 642 98 4235 5025
357 626 88 4236 5050
358 657 72 4236 5035
359 643 75 4216 5066
360 653 93 4195 5059
361 671 90 4207 5032
362 659 98 4201 5042
363 669 95 4207 5029
364 669 100 4237 4994
365 641 100 4251 5008
366 681 72 4284 4963
367 666 91 4267 4976
368 657 117 4259 4967
369 652 84 4283 4981
370 665 90 4269 4976
371 649 93 4265 4993
372 673 77 4274 4976
373 713 91 4258 4938
374 644 107 4247 5002
375 617 101 4269 5013
376 609 105 4296 4990
377 589 100 4313 4998
378 618 93 4302 4987
379 649 79 4313 4959
380 657 87 4336 4920
381 623 98 4347 4932
382 603 91 4341 4965
383 622 97 4337 4944
384 595 89 4349 4967
385 615 90 4359 4936
386 606 75 4362 4957
387 589 83 4341 4987
388 621 86 4334 4959
389 604 96 4313 4987
390 591 101 4340 4968
391 600 100 4359 4941
392 642 79 4390 4889
393 615 112 4392 4881
394 588 106 4416 4890
395 606 96 4417 4881
396 619 93 4419 4869
397 574 94 4426 4906
398 591 78 4418 4913
399 614 80 4397 4909
400 635 80 4410 4875
401 635 93 4401 4871
402 615 101 4383 4901
403 579 94 4387 4940
404 561 85 4377 4977
405 546 79 4358 5017
406 586 70 4372 4972
407 583 84 4361 4972
408 598 80 4357 4965
409 623 81 4347 4949
410 594 86 4366 4954
411 613 91 4350 4946
412 637 72 4356 4935
413 590 99 4327 4984
414 604 86 4342 4968
415 621 75 4361 4943
416 598 92 4341 4969
417 612 90 4353 4945
418 608 85 4353 4954
419 658 75 4351 4916
420 666 100 4357 4877
421 635 87 4368 4910
422 621 78 4372 4929
423 624 76 4347 4953
424 600 94 4351 4955
425 580 89 4367 4964
426 598 89 4366 4947
427 586 81 4365 4968
428 586 81 4374 4959
429 592 83 4380 4945
430 605 80 4376 4939
431 596 81 4388 4935
432 618 77 4383 4922
433 570 97 4385 4948
434 550 87 4399 4964
435 600 87 4404 4909
436 589 93 4392 4926
437 572 87 4387 4954
438 570 80 4397 4953
439 577 78 4385 4960
440 552 81 4363 5004
441 572 74 4366 4988
442 558 76 4347 5019
443 604 78 4328 4990
444 619 89 4330 4962
445 630 82 4360 4928
446 571 105 4375 4949
447 575 79 4388 4958
448 544 109 4362 4985
449 583 68 4390 4959
450 600 88 4373 4939
451 589 92 4392 4927
452 603 88 4394 4915
453 608 84 4395 4913
454 598 91 4383 4928
455 597 81 4411 4911
456 616 80 4412 4892
457 632 82 4398 4888
458 639 98 4379 4884
459 629 103 4378 4890
460 613 86 4398 4903
461 591 101 4388 4920
462 604 79 4390 4927
463 578 84 4403 4935
464 557 82 4404 4957
465 538 92 4390 4980
466 557 78 4380 4985
467 531 94 4356 5019
468 550 80 4347 5023
469 586 74 4339 5001
470 603 76 4324 4997
471 593 94 4311 5002
472 582 92 4336 4990
473 572 94 4338 4996
474 570 93 4339 4998
475 610 72 4336 4982
476 630 84 4334 4952
477 583 94 4352 4971
478 588 66 4371 4975
479 616 72 4342 4970
480 593 88 4338 4981
481 590 74 4363 4973
482 610 90 4341 4959
483 606 98 4354 4942
484 622 73 4337 4968
485 639 86 4330 4945
486 656 104 4322 4918
487 656 96 4316 4932
488 612 93 4340 4955
489 617 89 4359 4935
490 579 98 4360 4963
491 586 93 4367 4954
492 605 72 4369 4954
493 599 87 4373 4941
494 621 98 4364 4917
495 608 90 4379 4923
496 608 91 4388 4913
497 633 95 4381 4891
498 619 97 4402 4882
499 625 88 4392 4895
500 608 86 4406 4900
501 604 91 4384 4921
502 606 92 4394 4908
503 562 87 4417 4934
504 584 86 4406 4924
505 560 84 4399 4957
506 566 83 4397 4954
507 604 69 4372 4955
508 597 98 4365 4940
509 623 72 4388 4917
510 626 89 4370 4915
511 647 98 4381 4874
512 630 94 4401 4875
513 625 100 4419 4856
514 603 86 4412 4899
515 619 77 4396 4908
516 626 85 4373 4916
517 632 87 4370 4911
518 629 87 4361 4923
519 601 103 4376 4920
520 605 98 4363 4934
521 606 94 4368 4932
522 613 89 4384 4914
523 617 83 4386 4914
524 617 98 4397 4888
525 600 93 4418 4889
526 589 90 4431 4890
527 602 81 4463 4854
528 605 87 4435 4873
529 612 90 4446 4852
530 604 83 4425 4888
531 616 78 4424 4882
532 633 91 4431 4845
533 632 93 4434 4841
534 607 99 4441 4853
535 611 78 4463 4848
536 603 97 4444 4856
537 595 82 4472 4851
538 595 81 4449 4875
539 558 90 4441 4911
540 588 78 4445 4889
541 596 77 4439 4888
542 589 88 4419 4904
543 605 78 4404 4913
544 591 95 4383 4931
545 577 88 4391 4944
546 589 78 4398 4935
547 590 87 4371 4952
548 615 78 4357 4950
549 651 88 4349 4912
550 641 93 4324 4942
551 628 102 4345 4925
552 584 98 4352 4966
553 595 79 4371 4955
554 574 89 4369 4968
555 580 79 4342 4999
556 598 94 4317 4991
557 604 87 4312 4997
558 613 92 4305 4990
559 610 92 4283 5015
560 604 92 4286 5018
561 587 93 4297 5023
562 605 78 4307 5010
563 642 74 4314 4970
564 673 99 4303 4925
565 665 92 4313 4930
566 664 85 4325 4926
567 648 92 4305 4955
568 649 92 4331 4928
569 635 95 4341 4929
570 601 107 4373 4919
571 614 88 4382 4916
572 571 110 4406 4913
573 558 81 4442 4919
574 578 87 4438 4897
575 588 82 4411 4919
576 592 85 4417 4906
577 554 93 4400 4953
578 584 93 4408 4915
579 614 93 4410 4883
580 604 86 4425 4885
581 600 106 4422 4872
582 620 90 4439 4851
583 589 104 4435 4872
584 596 83 4439 4882
585 611 88 4425 4876
586 596 86 4414 4904
587 586 91 4411 4912
588 612 74 4405 4909
589 612 80 4378 4930
590 602 84 4384 4930
591 605 81 4380 4934
592 603 88 4350 4959
593 629 77 4352 4942
594 639 86 4333 4942
595 644 70 4342 4944
596 670 85 4304 4941
597 649 101 4307 4943
598 624 100 4307 4969
599 618 100 4299 4983
600 602 84 4304 5010
601 573 90 4307 5030
602 596 71 4321 5012
603 601 82 4288 5029
604 637 77 4278 5008
605 662 79 4266 4993
606 648 95 4253 5004
607 632 109 4243 5016
608 637 93 4265 5005
609 639 94 4281 4986
610 629 90 4311 4970
611 604 105 4322 4969
612 623 80 4332 4965
613 601 108 4324 4967
614 559 89 4348 5004
615 579 77 4338 5006
616 584 92 4302 5022
617 608 85 4318 4989
618 632 85 4319 4964
619 618 100 4318 4964
620 610 86 4334 4970
621 598 106 4325 4971
622 638 85 4366 4911
623 653 79 4358 4910
624 628 98 4357 4917
625 620 101 4379 4900
626 609 88 4366 4937
627 624 101 4363 4912
628 632 92 4397 4879
629 635 95 4394 4876
630 635 84 4424 4857
631 592 106 4410 4892
632 569 86 4436 4909
633 567 101 4426 4906
634 616 76 4437 4871
635 603 87 4436 4874
636 583 88 4439 4890
637 556 90 4422 4932
638 584 66 4418 4932
639 583 80 4400 4937
640 616 81 4399 4904
641 604 89 4399 4908
642 619 85 4387 4909
643 596 102 4382 4920
644 604 84 4388 4924
645 600 83 4376 4941
646 596 77 4356 4971
647 621 85 4351 4943
648 615 78 4351 4956
649 644 74 4346 4936
650 664 95 4344 4897
651 642 97 4358 4903
652 623 77 4395 4905
653 659 77 4403 4861
654 612 114 4409 4865
655 615 93 4439 4853
656 613 102 4426 4859
657 600 84 4457 4859
658 602 88 4428 4882
659 591 94 4406 4909
660 587 97 4421 4895
661 591 73 4429 4907
662 617 66 4422 4895
663 575 103 4387 4935
664 560 98 4396 4946
665 576 83 4396 4945
666 551 81 4399 4969
667 548 96 4383 4973
668 570 65 4388 4977
669 575 80 4377 4968
670 581 88 4363 4968
671 603 84 4364 4949
672 586 94 4355 4965
673 601 85 4340 4974
674 605 92 4340 4963
675 599 102 4342 4957
676 640 71 4375 4914
677 607 103 4347 4943
678 609 93 4383 4915
679 609 103 4392 4896
680 573 87 4419 4921
681 597 82 4428 4893
682 598 87 4429 4886
683 586 83 4436 4895
684 597 78 4426 4899
685 589 81 4429 4901
686 628 73 4415 4884
687 645 69 4408 4878
688 635 90 4373 4902
689 587 110 4386 4917
690 536 95 4422 4947
691 554 79 4433 4934
692 612 74 4426 4888
693 611 90 4406 4893
694 609 101 4401 4889
695 625 92 4395 4888
696 621 90 4388 4901
697 612 83 4395 4910
698 614 95 4414 4877
699 630 94 4424 4852
700 613 91 4464 4832
701 621 97 4456 4826
702 613 84 4452 4851
703 593 95 4461 4851
704 579 90 4469 4862
705 559 84 4468 4889
706 573 93 4446 4888
707 551 78 4459 4912
708 557 80 4450 4913
709 564 90 4436 4910
710 571 91 4426 4912
711 566 72 4424 4938
712 591 84 4403 4922
713 577 76 4388 4959
714 577 80 4384 4959
715 573 83 4389 4955
716 615 86 4398 4901
717 586 95 4409 4910
718 586 97 4407 4910
719 583 91 4423 4903
720 607 92 4433 4868
721 569 107 4442 4882
722 583 88 4478 4851
723 555 89 4487 4869
724 541 82 4477 4900
725 570 82 4467 4881
726 577 87 4455 4881
727 560 82 4464 4894
728 563 69 4450 4918
729 578 81 4425 4916
730 597 72 4415 4916
731 585 91 4398 4926
732 582 90 4398 4930
733 606 72 4409 4913
734 614 103 4400 4883
735 609 93 4421 4877
736 608 85 4422 4885
737 615 93 4394 4898
738 648 85 4408 4859
739 621 73 4402 4904
740 628 94 4378 4900
741 613 97 4390 4900
742 599 80 4416 4905
743 627 84 4388 4901
744 639 90 4376 4895
745 620 79 4399 4902
746 586 97 4384 4933
747 591 78 4398 4933
748 608 71 4403 4918
749 588 102 4416 4894
750 603 89 4435 4873
751 587 95 4445 4873
752 593 91 4445 4871
753 550 83 4453 4914
754 579 74 4444 4903
755 590 96 4425 4889
756 577 87 4419 4917
757 554 96 4406 4944
758 597 88 4411 4904
759 571 81 4409 4939
760 589 81 4391 4939
761 600 88 4389 4923
762 577 113 4384 4926
763 571 95 4422 4912
764 581 84 4446 4889
765 586 80 4425 4909
766 586 89 4399 4926
767 558 101 4395 4946
768 575 74 4411 4940
769 577 79 4405 4939
770 581 81 4369 4969
771 547 85 4369 4999
772 576 77 4348 4999
773 609 78 4346 4967
774 628 95 4318 4959
775 632 98 4341 4929
776 579 98 4317 5006
777 577 76 4351 4996
778 571 88 4341 5000
779 582 84 4344 4990
780 583 93 4346 4978
781 613 76 4370 4941
782 613 97 4331 4959
783 636 94 4331 4939
784 646 84 4343 4927
785 602 83 4334 4981
786 606 86 4305 5003
787 615 93 4299 4993
788 634 84 4326 4956
789 637 88 4329 4946
790 625 105 4332 4938
791 615 83 4356 4946
792 625 85 4367 4923
793 653 74 4386 4887
794 643 106 4389 4862
795 635 95 4416 4854
796 636 79 4414 4871
797 626 85 4392 4897
798 606 109 4379 4906
799 592 80 4416 4912
800 579 94 4414 4913
801 588 80 4428 4904
802 558 90 4425 4927
803 553 80 4442 4925
804 587 74 4418 4921
805 604 78 4427 4891
806 603 82 4422 4893
807 610 83 4426 4881
808 597 85 4404 4914
809 593 94 4378 4935
810 592 80 4388 4940
811 598 99 4406 4897
812 618 76 4431 4875
813 602 89 4428 4881
814 579 89 4446 4886
815 580 69 4439 4912
816 587 96 4418 4899
817 575 90 4435 4900
818 575 82 4434 4909
819 596 80 4463 4861
820 581 95 4470 4854
821 582 92 4469 4857
822 580 94 4473 4853
823 583 80 4461 4876
824 597 66 4466 4871
825 579 96 4442 4883
826 603 103 4424 4870
827 608 80 4452 4860
828 617 76 4459 4848
829 610 90 4439 4861
830 595 78 4450 4877
831 638 81 4429 4852
832 604 103 4424 4869
833 605 90 4423 4882
834 592 101 4423 4884
835 578 85 4450 4887
836 561 96 4456 4887
837 597 91 4460 4852
838 622 96 4435 4847
839 624 95 4449 4832
840 636 86 4453 4825
841 603 88 4443 4866
842 589 86 4448 4877
843 575 87 4468 4870
844 537 105 4460 4898
845 543 90 4460 4907
846 557 82 4455 4906
847 551 80 4454 4915
848 549 81 4448 4922
849 530 90 4459 4921
850 541 87 4460 4912
851 541 80 4464 4915
852 541 82 4463 4914
853 527 103 4458 4912
854 565 76 4472 4887
855 546 81 4456 4917
856 578 87 4455 4880
857 599 84 4452 4865
858 593 99 4454 4854
859 595 87 4483 4835
860 592 86 4477 4845
861 606 86 4490 4818
862 601 101 4475 4823
863 594 80 4481 4845
864 610 78 4485 4827
865 591 95 4463 4851
866 586 82 4487 4845
867 572 83 4473 4872
868 562 74 4459 4905
869 571 84 4421 4924
870 581 70 4410 4939
871 539 93 4392 4976
872 561 81 4385 4973
873 548 84 4393 4975
874 586 82 4380 4952
875 566 92 4379 4963
876 549 82 4398 4971
877 542 83 4392 4983
878 584 75 4384 4957
879 607 84 4349 4960
880 590 82 4359 4969
881 591 84 4352 4973
882 624 89 4382 4905
883 643 90 4366 4901
884 646 88 4357 4909
885 645 98 4357 4900
886 609 102 4363 4926
887 588 85 4383 4944
888 620 82 4366 4932
889 595 92 4375 4938
890 611 75 4388 4926
891 632 83 4386 4899
892 606 102 4381 4911
893 590 83 4420 4907
894 615 94 4398 4893
895 619 92 4399 4890
896 592 99 4401 4908
897 591 92 4420 4897
898 594 98 4430 4878
899 588 86 4464 4862
900 568 78 4462 4892
901 577 94 4454 4875
902 577 96 4465 4862
903 539 89 4476 4896
904 565 73 4444 4918
905 572 88 4408 4932
906 592 69 4418 4921
907 613 75 4405 4907
908 600 88 4417 4895
909 581 90 4406 4923
910 620 79 4399 4902
911 630 82 4398 4890
912 599 91 4402 4908
913 623 84 4376 4917
914 596 112 4350 4942
915 628 90 4368 4914
916 612 75 4395 4918
917 609 86 4382 4923
918 632 81 4384 4903
919 596 108 4389 4907
920 582 82 4412 4924
921 570 82 4399 4949
922 531 87 4397 4985
923 560 64 4376 5000
924 580 82 4347 4991
925 571 90 4327 5012
926 566 99 4342 4993
927 593 85 4345 4977
928 600 89 4347 4964
929 577 96 4349 4978
930 591 71 4354 4984
931 620 84 4339 4957
932 615 106 4338 4941
933 605 72 4351 4972
934 611 87 4338 4964
935 620 81 4319 4980
936 628 78 4305 4989
937 633 92 4315 4960
938 629 80 4308 4983
939 597 97 4282 5024
940 606 78 4279 5037
941 598 89 4283 5030
942 568 87 4313 5032
943 571 88 4317 5024
944 604 96 4302 4998
945 598 81 4326 4995
946 618 72 4281 5029
947 596 93 4262 5049
948 623 92 4254 5031
949 635 91 4248 5026
950 639 94 4276 4991
951 635 97 4303 4965
952 614 93 4315 4978
953 624 90 4315 4971
954 640 81 4309 4970
955 640 96 4324 4940
956 616 73 4332 4979
957 635 88 4324 4953
958 613 102 4332 4953
959 599 90 4342 4969
960 577 101 4330 4992
961 533 88 4352 5027
962 583 87 4342 4988
963 585 85 4330 5000
964 578 92 4310 5020
965 576 88 4307 5029
966 598 76 4296 5030
967 595 81 4285 5039
968 596 81 4297 5026
969 581 82 4295 5042
970 594 77 4303 5026
971 620 70 4300 5010
972 608 98 4281 5013
973 613 105 4314 4968
974 627 89 4332 4952
975 621 80 4320 4979
976 631 63 4301 5005
977 648 81 4277 4994
978 606 94 4285 5015
979 616 79 4293 5012
980 601 89 4277 5033
981 615 90 4271 5024
982 628 82 4272 5018
983 588 90 4287 5035
984 592 81 4263 5064
985 605 89 4248 5058
986 615 77 4248 5060
987 626 96 4248 5030
988 597 96 4270 5037
989 611 95 4314 4980
990 596 85 4322 4997
991 602 78 4300 5020
992 613 80 4265 5042
993 626 88 4249 5037
994 592 94 4247 5067
995 596 76 4280 5048
996 609 93 4269 5029
997 613 86 4293 5008
998 584 82 4302 5032
999 587 85 4302 5026
